0 0 1.7947332001697993
0 1 3.087667582653158
0 2 1.9949883555932875
0 3 1.3773855997995461
0 4 3.0101401455618766
0 5 2.0769833002320413
0 6 3.2483624346742728
1 4 3.089829611259699
1 5 2.706904132013575
1 6 3.362059933237917
1 7 2.781716228523368
1 8 2.7753400398977943
1 9 3.0643979541936535
2 0 1.3104789592854378
2 1 2.182020212025868
2 2 1.5366735059268135
2 3 1.4710763205097075
2 4 1.6825848644510741
2 5 1.9191612941357041
2 6 2.2510973297971875
2 7 2.238264219813319
2 8 1.757008078269633
2 9 1.5800815077551966
3 0 2.4054044558420973
3 1 4.097801409118095
3 2 2.664483332509387
3 3 2.1466523647869864
3 5 3.179305990470658
3 6 3.9979431739260356
3 7 3.3131623580684857
3 8 3.094562257235878
3 9 3.314973189660347
4 0 1.9940024705677217
4 1 3.239158806028486
4 2 2.4893656542430325
4 3 1.7658580582853318
4 4 3.0456281105031784
4 5 2.545788241858299
4 6 3.2917321202835903
4 7 3.163515548259551
4 8 2.3815353445637255
4 9 2.66164923910957
5 0 1.4788407875387704
5 1 2.5363446498086417
5 2 1.4990739381680613
5 3 1.1715941734696405
5 4 2.512941653681677
5 5 2.214660519495206
6 3 1.6702228504112573
6 4 2.627102593396942
6 5 2.234549834469268
6 6 2.2592254235217597
6 7 2.3420889667785305
6 8 2.398214117006977
6 9 2.273824284534882
7 0 1.3359881702363507
7 1 3.1536057530112958
7 2 1.984720742068859
7 3 1.9140047803852187
7 4 2.6335541381524794
7 5 2.052931692461013
7 6 3.091413568237745
7 7 2.7755534082114153
7 8 2.7866820126722827
7 9 2.872048603019835
8 0 1.7972162349305325
8 1 3.0773465915581246
8 2 2.1685009197996497
8 3 1.716448577078741
8 4 2.5467365488317393
8 5 2.1115377329975145
8 6 2.367423448247268
8 7 2.275736669954497
8 8 2.368215300060725
8 9 2.0853019889325397
9 0 0.9727768533826316
9 1 1.499881773055205
9 2 0.9489215300265085
9 3 0.9583316221146193
9 4 1.1623973010699173
9 5 1.1160105286852073
9 6 1.5749832703071587
9 7 1.399524696292795
9 8 1.1891152585063205
9 9 1.1608401918679372
0 7 2.010667766148267
0 8 2.9230040854572614
0 9 2.487189034280543
1 0 1.8815069802269444
1 1 3.514023386754723
1 2 2.3749357039848134
1 3 1.7418614315209497
5 6 2.763151120277154
5 7 1.6723530029361906
5 8 2.4171887489311965
5 9 1.7790987451163391
6 0 1.7312407170498132
6 1 3.1357604405681485
6 2 2.3837939675857793
3 4 3.467643317233497
